{"slideHeight":600,
"filename":"Scala",
"navigatorEvents":[{"eventName":"Slide 1",
"eventIndex":0}
,{"eventName":"Slide 2",
"eventIndex":1}
,{"eventName":"Slide 3",
"eventIndex":2}
,{"eventName":"Slide 4",
"eventIndex":3}
,{"eventName":"Slide 5",
"eventIndex":4}
,{"eventName":"Slide 6",
"eventIndex":5}
,{"eventName":"Slide 7",
"eventIndex":6}
,{"eventName":"Slide 8",
"eventIndex":7}
,{"eventName":"Slide 9",
"eventIndex":8}
,{"eventName":"Slide 10",
"eventIndex":12}
,{"eventName":"Slide 11",
"eventIndex":15}
,{"eventName":"Slide 12",
"eventIndex":18}
,{"eventName":"Slide 13",
"eventIndex":19}
,{"eventName":"Slide 14",
"eventIndex":21}
,{"eventName":"Slide 15",
"eventIndex":24}
,{"eventName":"Slide 16",
"eventIndex":25}
,{"eventName":"Slide 17",
"eventIndex":26}
,{"eventName":"Slide 18",
"eventIndex":30}
,{"eventName":"Slide 19",
"eventIndex":31}
,{"eventName":"Slide 20",
"eventIndex":32}
,{"eventName":"Slide 21",
"eventIndex":33}
,{"eventName":"Slide 22",
"eventIndex":34}
,{"eventName":"Slide 23",
"eventIndex":36}
,{"eventName":"Slide 24",
"eventIndex":37}
,{"eventName":"Slide 25",
"eventIndex":38}
,{"eventName":"Slide 26",
"eventIndex":39}
,{"eventName":"Slide 27",
"eventIndex":41}
,{"eventName":"Slide 28",
"eventIndex":42}
,{"eventName":"Slide 29",
"eventIndex":43}
,{"eventName":"Slide 30",
"eventIndex":44}
,{"eventName":"Slide 31",
"eventIndex":47}
,{"eventName":"Slide 32",
"eventIndex":49}
,{"eventName":"Slide 33",
"eventIndex":54}
,{"eventName":"Slide 34",
"eventIndex":55}
,{"eventName":"Slide 35",
"eventIndex":56}
,{"eventName":"Slide 36",
"eventIndex":57}
,{"eventName":"Slide 37",
"eventIndex":58}
,{"eventName":"Slide 38",
"eventIndex":59}
,{"eventName":"Slide 39",
"eventIndex":60}
,{"eventName":"Slide 40",
"eventIndex":61}
,{"eventName":"Slide 41",
"eventIndex":62}
,{"eventName":"Slide 42",
"eventIndex":63}
,{"eventName":"Slide 43",
"eventIndex":64}
,{"eventName":"Slide 44",
"eventIndex":65}
,{"eventName":"Slide 45",
"eventIndex":66}
,{"eventName":"Slide 46",
"eventIndex":67}
,{"eventName":"Slide 47",
"eventIndex":68}
,{"eventName":"Slide 48",
"eventIndex":69}
,{"eventName":"Slide 49",
"eventIndex":70}
,{"eventName":"Slide 50",
"eventIndex":71}
,{"eventName":"Slide 51",
"eventIndex":72}
,{"eventName":"Slide 52",
"eventIndex":73}
,{"eventName":"Slide 53",
"eventIndex":74}
,{"eventName":"Slide 54",
"eventIndex":75}
,{"eventName":"Slide 55",
"eventIndex":76}
,{"eventName":"Slide 56",
"eventIndex":77}
,{"eventName":"Slide 57",
"eventIndex":78}
,{"eventName":"Slide 58",
"eventIndex":79}
,{"eventName":"Slide 59",
"eventIndex":80}
,{"eventName":"Slide 60",
"eventIndex":81}
]
,
"textures":{"s30.1.5.1.fixed":{"url":"images-1/s30.1.5.1.fixed.png",
"width":818,
"height":210}
,
"s22.in.6":{"url":"images-1/s22.in.6.png",
"width":291,
"height":30}
,
"s17.1.1.1.dynamic":{"url":"images-1/s17.1.1.1.dynamic.png",
"width":507,
"height":33}
,
"s32.1.3.1.fixed":{"url":"images-1/s32.1.3.1.fixed.png",
"width":240,
"height":52}
,
"s14.2.3.1.fixed":{"url":"images-1/s13.in.3.png",
"width":470,
"height":58}
,
"s11.b":{"url":"images-1/s11.b.jpeg",
"width":800,
"height":600}
,
"s30.1.7.1.fixed":{"url":"images-1/s30.1.7.1.fixed.png",
"width":818,
"height":189}
,
"s29.a":{"url":"images-1/s28.b.jpeg",
"width":800,
"height":600}
,
"s4.a":{"url":"images-1/s3.b.jpeg",
"width":800,
"height":600}
,
"s9.3.1.1.dynamic":{"url":"images-1/s9.3.1.1.dynamic.png",
"width":116,
"height":50}
,
"s17.1.2.1.fixed":{"url":"images-1/s13.1.2.1.fixed.png",
"width":88,
"height":88}
,
"s57.a":{"url":"images-2/s56.b.jpeg",
"width":800,
"height":600}
,
"s26.out.3":{"url":"images-1/s26.1.3.1.fixed.png",
"width":541,
"height":437}
,
"s20.b":{"url":"images-1/s20.b.jpeg",
"width":800,
"height":600}
,
"s38.a":{"url":"images-1/s37.b.jpeg",
"width":800,
"height":600}
,
"s9.background":{"url":"images-1/s9.background.jpeg",
"width":800,
"height":600}
,
"s14.1.2.1.fixed":{"url":"images-1/s13.1.2.1.fixed.png",
"width":88,
"height":88}
,
"s4.b":{"url":"images-1/s4.b.jpeg",
"width":800,
"height":600}
,
"s32.3.4.3.fixed":{"url":"images-1/s32.2.1.3.dynamic.png",
"width":247,
"height":72}
,
"s47.a":{"url":"images-1/s46.b.jpeg",
"width":800,
"height":600}
,
"s29.b":{"url":"images-1/s29.b.jpeg",
"width":800,
"height":600}
,
"s57.b":{"url":"images-2/s57.b.jpeg",
"width":800,
"height":600}
,
"s10.2.1.1.fixed":{"url":"images-1/s10.1.1.1.fixed.png",
"width":792,
"height":616}
,
"s17.background":{"url":"images-1/s9.background.jpeg",
"width":800,
"height":600}
,
"s38.b":{"url":"images-1/s38.b.jpeg",
"width":800,
"height":600}
,
"s16.a":{"url":"images-1/s15.b.jpeg",
"width":800,
"height":600}
,
"s47.b":{"url":"images-1/s47.b.jpeg",
"width":800,
"height":600}
,
"s25.a":{"url":"images-1/s24.b.jpeg",
"width":800,
"height":600}
,
"s53.a":{"url":"images-1/s52.b.jpeg",
"width":800,
"height":600}
,
"s2.a":{"url":"images-1/s1.b.jpeg",
"width":800,
"height":600}
,
"s9.2.2.1.fixed":{"url":"images-2/s9.1.1.1.dynamic.png",
"width":784,
"height":256}
,
"s32.3.8.1.fixed":{"url":"images-1/s26.in.6.png",
"width":289,
"height":28}
,
"s32.2.5.1.fixed":{"url":"images-1/s32.1.5.1.fixed.png",
"width":548,
"height":117}
,
"s34.a":{"url":"images-1/s33.b.jpeg",
"width":800,
"height":600}
,
"thumbnail":{"url":"images-2/thumbnail.jpeg",
"width":458,
"height":344}
,
"s32.1.2.1.fixed":{"url":"images-1/s13.1.2.1.fixed.png",
"width":88,
"height":88}
,
"s17.1.1.1.fixed":{"url":"images-1/s13.in.1.png",
"width":52,
"height":68}
,
"s17.3.1.2.dynamic":{"url":"images-1/s17.3.1.2.dynamic.png",
"width":420,
"height":33}
,
"s43.a":{"url":"images-1/s42.b.jpeg",
"width":800,
"height":600}
,
"s2.b":{"url":"images-1/s2.b.jpeg",
"width":800,
"height":600}
,
"s16.b":{"url":"images-1/s16.b.jpeg",
"width":800,
"height":600}
,
"s32.2.7.1.fixed":{"url":"images-1/s32.1.7.1.fixed.png",
"width":143,
"height":147}
,
"s22.out.1":{"url":"images-1/s13.in.1.png",
"width":52,
"height":68}
,
"s25.b":{"url":"images-1/s25.b.jpeg",
"width":800,
"height":600}
,
"s30.1.8.1.fixed":{"url":"images-1/s26.in.6.png",
"width":289,
"height":28}
,
"s26.in.1":{"url":"images-1/s13.in.1.png",
"width":52,
"height":68}
,
"s17.1.3.1.fixed":{"url":"images-1/s17.1.3.1.fixed.png",
"width":450,
"height":52}
,
"s26.1.1.1.dynamic":{"url":"images-1/s26.1.1.1.dynamic.png",
"width":635,
"height":57}
,
"s53.b":{"url":"images-2/s53.b.jpeg",
"width":800,
"height":600}
,
"s22.in.4":{"url":"images-1/s22.in.4.png",
"width":360,
"height":453}
,
"s34.b":{"url":"images-1/s34.b.jpeg",
"width":800,
"height":600}
,
"s12.a":{"url":"images-1/s11.b.jpeg",
"width":800,
"height":600}
,
"s14.1.3.1.fixed":{"url":"images-1/s13.in.3.png",
"width":470,
"height":58}
,
"s43.b":{"url":"images-1/s43.b.jpeg",
"width":800,
"height":600}
,
"s31.1.2.1.fixed":{"url":"images-1/s13.1.2.1.fixed.png",
"width":88,
"height":88}
,
"s26.in.6":{"url":"images-1/s26.in.6.png",
"width":289,
"height":28}
,
"s21.a":{"url":"images-1/s20.b.jpeg",
"width":800,
"height":600}
,
"s10.background":{"url":"images-1/s9.background.jpeg",
"width":800,
"height":600}
,
"s22.background":{"url":"images-1/s9.background.jpeg",
"width":800,
"height":600}
,
"s26.out.2":{"url":"images-1/s13.1.2.1.fixed.png",
"width":88,
"height":88}
,
"s14.1.5.1.fixed":{"url":"images-1/s14.1.5.1.fixed.png",
"width":630,
"height":132}
,
"s30.a":{"url":"images-1/s30.a.jpeg",
"width":800,
"height":600}
,
"s10.2.2.1.fixed":{"url":"images-1/s9.3.1.1.dynamic.png",
"width":116,
"height":50}
,
"s13.1.1.1.fixed":{"url":"images-1/s13.1.1.1.fixed.png",
"width":52,
"height":68}
,
"s12.b":{"url":"images-1/s12.b.jpeg",
"width":800,
"height":600}
,
"s11.2.1.1.dynamic":{"url":"images-1/s11.1.1.1.dynamic.png",
"width":116,
"height":55}
,
"s58.a":{"url":"images-2/s57.b.jpeg",
"width":800,
"height":600}
,
"s21.b":{"url":"images-1/s21.b.jpeg",
"width":800,
"height":600}
,
"s39.a":{"url":"images-1/s38.b.jpeg",
"width":800,
"height":600}
,
"s10.1.1.1.fixed":{"url":"images-1/s10.1.1.1.fixed.png",
"width":792,
"height":616}
,
"s9.a":{"url":"images-2/s9.a.jpeg",
"width":800,
"height":600}
,
"s9.1.1.1.dynamic":{"url":"images-2/s9.1.1.1.dynamic.png",
"width":784,
"height":256}
,
"s30.b":{"url":"images-1/s30.b.jpeg",
"width":800,
"height":600}
,
"s32.2.6.1.fixed":{"url":"images-1/s32.1.6.1.fixed.png",
"width":366,
"height":74}
,
"s48.a":{"url":"images-1/s47.b.jpeg",
"width":800,
"height":600}
,
"s32.4.2.1.dynamic":{"url":"images-1/s32.1.7.1.fixed.png",
"width":143,
"height":147}
,
"s10.2.1.1.dynamic":{"url":"images-1/s10.2.1.1.dynamic.png",
"width":116,
"height":50}
,
"s9.b":{"url":"images-2/s9.b.jpeg",
"width":800,
"height":600}
,
"s9.2.4.1.fixed":{"url":"images-2/s9.1.2.1.dynamic.png",
"width":235,
"height":26}
,
"s32.2.8.1.fixed":{"url":"images-1/s26.in.6.png",
"width":289,
"height":28}
,
"s58.b":{"url":"images-2/s58.b.jpeg",
"width":800,
"height":600}
,
"s32.1.5.1.fixed":{"url":"images-1/s32.1.5.1.fixed.png",
"width":548,
"height":117}
,
"s39.b":{"url":"images-1/s39.b.jpeg",
"width":800,
"height":600}
,
"s17.a":{"url":"images-1/s17.a.jpeg",
"width":800,
"height":600}
,
"s13.in.2":{"url":"images-1/s13.1.2.1.fixed.png",
"width":88,
"height":88}
,
"s31.1.1.1.fixed":{"url":"images-1/s13.in.1.png",
"width":52,
"height":68}
,
"s48.b":{"url":"images-1/s48.b.jpeg",
"width":800,
"height":600}
,
"s17.2.1.2.dynamic":{"url":"images-1/s17.2.1.2.dynamic.png",
"width":366,
"height":33}
,
"s32.1.7.1.fixed":{"url":"images-1/s32.1.7.1.fixed.png",
"width":143,
"height":147}
,
"s26.a":{"url":"images-1/s9.background.jpeg",
"width":800,
"height":600}
,
"s9.3.4.1.fixed":{"url":"images-2/s9.1.2.1.dynamic.png",
"width":235,
"height":26}
,
"s32.4.1.1.dynamic":{"url":"images-1/s32.1.5.1.fixed.png",
"width":548,
"height":117}
,
"s54.a":{"url":"images-2/s53.b.jpeg",
"width":800,
"height":600}
,
"s14.background":{"url":"images-1/s9.background.jpeg",
"width":800,
"height":600}
,
"s26.background":{"url":"images-1/s9.background.jpeg",
"width":800,
"height":600}
,
"s31.1.3.1.fixed":{"url":"images-1/s31.1.3.1.fixed.png",
"width":492,
"height":53}
,
"s35.a":{"url":"images-1/s34.b.jpeg",
"width":800,
"height":600}
,
"s22.in.2":{"url":"images-1/s13.1.2.1.fixed.png",
"width":88,
"height":88}
,
"s30.2.2.1.fixed":{"url":"images-1/s13.1.2.1.fixed.png",
"width":88,
"height":88}
,
"s7.a":{"url":"images-2/s6.b.jpeg",
"width":800,
"height":600}
,
"s44.a":{"url":"images-1/s43.b.jpeg",
"width":800,
"height":600}
,
"s9.1.2.1.dynamic":{"url":"images-2/s9.1.2.1.dynamic.png",
"width":235,
"height":26}
,
"s17.b":{"url":"images-1/s17.b.jpeg",
"width":800,
"height":600}
,
"s13.1.2.1.fixed":{"url":"images-1/s13.1.2.1.fixed.png",
"width":88,
"height":88}
,
"s26.in.4":{"url":"images-1/s26.in.4.png",
"width":433,
"height":335}
,
"s26.b":{"url":"images-1/s9.background.jpeg",
"width":800,
"height":600}
,
"s54.b":{"url":"images-2/s54.b.jpeg",
"width":800,
"height":600}
,
"s7.b":{"url":"images-2/s7.b.jpeg",
"width":800,
"height":600}
,
"s26.out.1":{"url":"images-1/s13.in.1.png",
"width":52,
"height":68}
,
"s35.b":{"url":"images-1/s35.b.jpeg",
"width":800,
"height":600}
,
"s26.1.1.1.fixed":{"url":"images-1/s13.in.1.png",
"width":52,
"height":68}
,
"s13.a":{"url":"images-1/s9.background.jpeg",
"width":800,
"height":600}
,
"s44.b":{"url":"images-1/s44.b.jpeg",
"width":800,
"height":600}
,
"s22.a":{"url":"images-1/s9.background.jpeg",
"width":800,
"height":600}
,
"s11.1.1.1.dynamic":{"url":"images-1/s11.1.1.1.dynamic.png",
"width":116,
"height":55}
,
"s9.3.2.1.fixed":{"url":"images-2/s9.1.1.1.dynamic.png",
"width":784,
"height":256}
,
"s50.a":{"url":"images-1/s49.b.jpeg",
"width":800,
"height":600}
,
"s32.4.1.1.fixed":{"url":"images-1/s13.in.1.png",
"width":52,
"height":68}
,
"s31.a":{"url":"images-1/s31.a.jpeg",
"width":800,
"height":600}
,
"s32.1.6.1.fixed":{"url":"images-1/s32.1.6.1.fixed.png",
"width":366,
"height":74}
,
"s40.a":{"url":"images-1/s39.b.jpeg",
"width":800,
"height":600}
,
"s32.4.3.1.fixed":{"url":"images-1/s32.1.3.1.fixed.png",
"width":240,
"height":52}
,
"s13.b":{"url":"images-1/s9.background.jpeg",
"width":800,
"height":600}
,
"s5.a":{"url":"images-1/s4.b.jpeg",
"width":800,
"height":600}
,
"s59.a":{"url":"images-2/s58.b.jpeg",
"width":800,
"height":600}
,
"s32.2.1.3.dynamic":{"url":"images-1/s32.2.1.3.dynamic.png",
"width":247,
"height":72}
,
"s10.1.1.1.dynamic":{"url":"images-1/s9.3.1.1.dynamic.png",
"width":116,
"height":50}
,
"s31.background":{"url":"images-1/s9.background.jpeg",
"width":800,
"height":600}
,
"s32.1.8.1.fixed":{"url":"images-1/s26.in.6.png",
"width":289,
"height":28}
,
"s17.3.1.1.static":{"url":"images-1/s17.3.1.1.static.png",
"width":507,
"height":95}
,
"s22.b":{"url":"images-1/s9.background.jpeg",
"width":800,
"height":600}
,
"s50.b":{"url":"images-1/s50.b.jpeg",
"width":800,
"height":600}
,
"s30.2.1.1.fixed":{"url":"images-1/s13.in.1.png",
"width":52,
"height":68}
,
"s9.1.1.1.fixed":{"url":"images-2/s9.1.1.1.fixed.png",
"width":792,
"height":146}
,
"s5.b":{"url":"images-1/s5.b.jpeg",
"width":800,
"height":600}
,
"s31.b":{"url":"images-1/s31.b.jpeg",
"width":800,
"height":600}
,
"s31.1.4.1.fixed":{"url":"images-1/s31.1.4.1.fixed.png",
"width":818,
"height":417}
,
"s49.a":{"url":"images-1/s48.b.jpeg",
"width":800,
"height":600}
,
"s30.2.3.1.fixed":{"url":"images-1/s30.1.3.1.fixed.png",
"width":481,
"height":113}
,
"s40.b":{"url":"images-1/s40.b.jpeg",
"width":800,
"height":600}
,
"s31.1.6.1.fixed":{"url":"images-1/s26.in.6.png",
"width":289,
"height":28}
,
"s30.2.1.1.dynamic":{"url":"images-1/s30.1.7.1.fixed.png",
"width":818,
"height":189}
,
"s32.3.1.1.dynamic":{"url":"images-1/s32.1.6.1.fixed.png",
"width":366,
"height":74}
,
"s59.b":{"url":"images-1/s1.a.jpeg",
"width":800,
"height":600}
,
"s9.2.1.1.fixed":{"url":"images-2/s9.1.1.1.fixed.png",
"width":792,
"height":146}
,
"s30.1.2.1.fixed":{"url":"images-1/s13.1.2.1.fixed.png",
"width":88,
"height":88}
,
"s18.a":{"url":"images-1/s17.b.jpeg",
"width":800,
"height":600}
,
"s49.b":{"url":"images-1/s49.b.jpeg",
"width":800,
"height":600}
,
"s26.1.2.1.fixed":{"url":"images-1/s13.1.2.1.fixed.png",
"width":88,
"height":88}
,
"s27.a":{"url":"images-1/s27.a.jpeg",
"width":800,
"height":600}
,
"s55.a":{"url":"images-2/s54.b.jpeg",
"width":800,
"height":600}
,
"s3.a":{"url":"images-1/s2.b.jpeg",
"width":800,
"height":600}
,
"s26.in.2":{"url":"images-1/s13.1.2.1.fixed.png",
"width":88,
"height":88}
,
"s36.a":{"url":"images-1/s35.b.jpeg",
"width":800,
"height":600}
,
"s22.in.5":{"url":"images-1/s22.in.5.png",
"width":360,
"height":453}
,
"s32.4.2.1.fixed":{"url":"images-1/s13.1.2.1.fixed.png",
"width":88,
"height":88}
,
"s3.b":{"url":"images-1/s3.b.jpeg",
"width":800,
"height":600}
,
"s45.a":{"url":"images-1/s44.b.jpeg",
"width":800,
"height":600}
,
"s18.b":{"url":"images-1/s18.b.jpeg",
"width":800,
"height":600}
,
"s32.4.4.2.fixed":{"url":"images-1/s32.1.1.1.dynamic.png",
"width":818,
"height":449}
,
"s11.background":{"url":"images-1/s9.background.jpeg",
"width":800,
"height":600}
,
"s14.2.2.1.dynamic":{"url":"images-1/s14.1.5.1.fixed.png",
"width":630,
"height":132}
,
"s32.4.4.1.fixed":{"url":"images-1/s32.2.1.1.dynamic.png",
"width":247,
"height":72}
,
"s27.b":{"url":"images-1/s27.b.jpeg",
"width":800,
"height":600}
,
"s55.b":{"url":"images-2/s55.b.jpeg",
"width":800,
"height":600}
,
"s32.3.1.1.fixed":{"url":"images-1/s13.in.1.png",
"width":52,
"height":68}
,
"s13.1.1.1.dynamic":{"url":"images-1/s13.1.1.1.dynamic.png",
"width":451,
"height":49}
,
"s36.b":{"url":"images-1/s36.b.jpeg",
"width":800,
"height":600}
,
"s13.out.2":{"url":"images-1/s13.1.2.1.fixed.png",
"width":88,
"height":88}
,
"s14.a":{"url":"images-1/s14.a.jpeg",
"width":800,
"height":600}
,
"s9.2.1.1.dynamic":{"url":"images-2/s9.2.1.1.dynamic.png",
"width":116,
"height":50}
,
"s32.3.3.1.fixed":{"url":"images-1/s32.1.3.1.fixed.png",
"width":240,
"height":52}
,
"s45.b":{"url":"images-1/s45.b.jpeg",
"width":800,
"height":600}
,
"s17.3.2.1.fixed":{"url":"images-1/s13.1.2.1.fixed.png",
"width":88,
"height":88}
,
"s23.a":{"url":"images-1/s23.a.jpeg",
"width":800,
"height":600}
,
"s51.a":{"url":"images-1/s50.b.jpeg",
"width":800,
"height":600}
,
"s30.2.4.1.fixed":{"url":"images-1/s30.1.4.1.fixed.png",
"width":728,
"height":173}
,
"s17.2.1.1.static":{"url":"images-1/s17.1.1.1.dynamic.png",
"width":507,
"height":33}
,
"s14.2.1.1.dynamic":{"url":"images-1/s14.1.1.1.dynamic.png",
"width":297,
"height":224}
,
"s30.1.1.1.fixed":{"url":"images-1/s13.in.1.png",
"width":52,
"height":68}
,
"s1.a":{"url":"images-1/s1.a.jpeg",
"width":800,
"height":600}
,
"s9.1.3.1.fixed":{"url":"images-2/s9.1.3.1.fixed.png",
"width":668,
"height":179}
,
"s32.a":{"url":"images-1/s32.a.jpeg",
"width":800,
"height":600}
,
"s31.1.1.1.dynamic":{"url":"images-1/s31.1.1.1.dynamic.png",
"width":370,
"height":107}
,
"s60.a":{"url":"images-1/s1.a.jpeg",
"width":800,
"height":600}
,
"s30.2.6.1.fixed":{"url":"images-1/s30.1.1.1.dynamic.png",
"width":301,
"height":107}
,
"s41.a":{"url":"images-1/s40.b.jpeg",
"width":800,
"height":600}
,
"s30.1.3.1.fixed":{"url":"images-1/s30.1.3.1.fixed.png",
"width":481,
"height":113}
,
"s14.b":{"url":"images-1/s14.b.jpeg",
"width":800,
"height":600}
,
"s1.b":{"url":"images-1/s1.b.jpeg",
"width":800,
"height":600}
,
"s26.1.3.1.fixed":{"url":"images-1/s26.1.3.1.fixed.png",
"width":541,
"height":437}
,
"s23.b":{"url":"images-1/s23.b.jpeg",
"width":800,
"height":600}
,
"s14.2.1.1.fixed":{"url":"images-1/s13.in.1.png",
"width":52,
"height":68}
,
"s9.2.3.1.fixed":{"url":"images-2/s9.1.3.1.fixed.png",
"width":668,
"height":179}
,
"s30.1.1.1.dynamic":{"url":"images-1/s30.1.1.1.dynamic.png",
"width":301,
"height":107}
,
"s32.2.1.1.dynamic":{"url":"images-1/s32.2.1.1.dynamic.png",
"width":247,
"height":72}
,
"s51.b":{"url":"images-1/s51.b.jpeg",
"width":800,
"height":600}
,
"s32.b":{"url":"images-1/s32.b.jpeg",
"width":800,
"height":600}
,
"s32.2.1.2.static":{"url":"images-1/s32.1.1.1.dynamic.png",
"width":818,
"height":449}
,
"s60.b":{"url":"images-2/s60.b.png",
"width":800,
"height":600}
,
"s13.in.3":{"url":"images-1/s13.in.3.png",
"width":470,
"height":58}
,
"s10.a":{"url":"images-1/s10.a.jpeg",
"width":800,
"height":600}
,
"s11.2.1.1.fixed":{"url":"images-1/s11.1.1.1.fixed.png",
"width":792,
"height":591}
,
"s41.b":{"url":"images-1/s41.b.jpeg",
"width":800,
"height":600}
,
"s9.3.3.1.fixed":{"url":"images-2/s9.1.3.1.fixed.png",
"width":668,
"height":179}
,
"s32.3.2.1.fixed":{"url":"images-1/s13.1.2.1.fixed.png",
"width":88,
"height":88}
,
"s22.in.3":{"url":"images-1/s22.in.3.png",
"width":562,
"height":113}
,
"s19.a":{"url":"images-1/s18.b.jpeg",
"width":800,
"height":600}
,
"s17.3.1.1.fixed":{"url":"images-1/s13.in.1.png",
"width":52,
"height":68}
,
"s22.1.1.1.fixed":{"url":"images-1/s13.in.1.png",
"width":52,
"height":68}
,
"s22.1.1.1.dynamic":{"url":"images-1/s22.1.1.1.dynamic.png",
"width":639,
"height":60}
,
"s32.3.4.2.fixed":{"url":"images-1/s32.1.1.1.dynamic.png",
"width":818,
"height":449}
,
"s10.b":{"url":"images-1/s10.b.jpeg",
"width":800,
"height":600}
,
"s28.a":{"url":"images-1/s27.b.jpeg",
"width":800,
"height":600}
,
"s56.a":{"url":"images-2/s55.b.jpeg",
"width":800,
"height":600}
,
"s32.3.4.1.fixed":{"url":"images-1/s32.2.1.1.dynamic.png",
"width":247,
"height":72}
,
"s26.in.5":{"url":"images-1/s26.in.5.png",
"width":260,
"height":204}
,
"s17.3.3.1.fixed":{"url":"images-1/s17.1.3.1.fixed.png",
"width":450,
"height":52}
,
"s32.2.1.1.fixed":{"url":"images-1/s13.in.1.png",
"width":52,
"height":68}
,
"s37.a":{"url":"images-1/s36.b.jpeg",
"width":800,
"height":600}
,
"s30.background":{"url":"images-1/s9.background.jpeg",
"width":800,
"height":600}
,
"s30.2.5.1.fixed":{"url":"images-1/s30.1.5.1.fixed.png",
"width":818,
"height":210}
,
"s8.a":{"url":"images-2/s7.b.jpeg",
"width":800,
"height":600}
,
"s46.a":{"url":"images-1/s45.b.jpeg",
"width":800,
"height":600}
,
"s13.out.1":{"url":"images-1/s13.1.1.1.fixed.png",
"width":52,
"height":68}
,
"s32.2.3.1.fixed":{"url":"images-1/s32.1.3.1.fixed.png",
"width":240,
"height":52}
,
"s19.b":{"url":"images-1/s19.b.jpeg",
"width":800,
"height":600}
,
"s17.2.2.1.fixed":{"url":"images-1/s13.1.2.1.fixed.png",
"width":88,
"height":88}
,
"s30.1.4.1.fixed":{"url":"images-1/s30.1.4.1.fixed.png",
"width":728,
"height":173}
,
"s28.b":{"url":"images-1/s28.b.jpeg",
"width":800,
"height":600}
,
"s56.b":{"url":"images-2/s56.b.jpeg",
"width":800,
"height":600}
,
"s9.3.1.1.fixed":{"url":"images-2/s9.1.1.1.fixed.png",
"width":792,
"height":146}
,
"s8.b":{"url":"images-2/s8.b.jpeg",
"width":800,
"height":600}
,
"s14.1.1.1.dynamic":{"url":"images-1/s14.1.1.1.dynamic.png",
"width":297,
"height":224}
,
"s37.b":{"url":"images-1/s37.b.jpeg",
"width":800,
"height":600}
,
"s14.2.2.1.fixed":{"url":"images-1/s13.1.2.1.fixed.png",
"width":88,
"height":88}
,
"s32.4.4.3.fixed":{"url":"images-1/s32.2.1.3.dynamic.png",
"width":247,
"height":72}
,
"s15.a":{"url":"images-1/s14.b.jpeg",
"width":800,
"height":600}
,
"s32.background":{"url":"images-1/s9.background.jpeg",
"width":800,
"height":600}
,
"s46.b":{"url":"images-1/s46.b.jpeg",
"width":800,
"height":600}
,
"s24.a":{"url":"images-1/s23.b.jpeg",
"width":800,
"height":600}
,
"s52.a":{"url":"images-1/s51.b.jpeg",
"width":800,
"height":600}
,
"s11.2.2.1.fixed":{"url":"images-1/s11.1.1.1.dynamic.png",
"width":116,
"height":55}
,
"s14.1.1.1.fixed":{"url":"images-1/s13.in.1.png",
"width":52,
"height":68}
,
"s33.a":{"url":"images-1/s32.b.jpeg",
"width":800,
"height":600}
,
"s32.1.1.1.dynamic":{"url":"images-1/s32.1.1.1.dynamic.png",
"width":818,
"height":449}
,
"s32.4.6.1.fixed":{"url":"images-1/s32.1.6.1.fixed.png",
"width":366,
"height":74}
,
"s42.a":{"url":"images-1/s41.b.jpeg",
"width":800,
"height":600}
,
"s13.in.1":{"url":"images-1/s13.in.1.png",
"width":52,
"height":68}
,
"s6.a":{"url":"images-1/s5.b.jpeg",
"width":800,
"height":600}
,
"s15.b":{"url":"images-1/s15.b.jpeg",
"width":800,
"height":600}
,
"s11.1.1.1.fixed":{"url":"images-1/s11.1.1.1.fixed.png",
"width":792,
"height":591}
,
"s9.3.5.1.fixed":{"url":"images-2/s9.2.1.1.dynamic.png",
"width":116,
"height":50}
,
"s22.1.2.1.fixed":{"url":"images-1/s13.1.2.1.fixed.png",
"width":88,
"height":88}
,
"s24.b":{"url":"images-1/s24.b.jpeg",
"width":800,
"height":600}
,
"s32.4.8.1.fixed":{"url":"images-1/s26.in.6.png",
"width":289,
"height":28}
,
"s52.b":{"url":"images-1/s52.b.jpeg",
"width":800,
"height":600}
,
"s32.3.5.1.fixed":{"url":"images-1/s32.1.5.1.fixed.png",
"width":548,
"height":117}
,
"s6.b":{"url":"images-2/s6.b.jpeg",
"width":800,
"height":600}
,
"s13.background":{"url":"images-1/s9.background.jpeg",
"width":800,
"height":600}
,
"s32.2.2.1.fixed":{"url":"images-1/s13.1.2.1.fixed.png",
"width":88,
"height":88}
,
"s33.b":{"url":"images-1/s33.b.jpeg",
"width":800,
"height":600}
,
"s22.in.1":{"url":"images-1/s13.1.1.1.fixed.png",
"width":52,
"height":68}
,
"s17.2.1.1.fixed":{"url":"images-1/s13.in.1.png",
"width":52,
"height":68}
,
"s11.a":{"url":"images-1/s11.a.jpeg",
"width":800,
"height":600}
,
"s42.b":{"url":"images-1/s42.b.jpeg",
"width":800,
"height":600}
,
"s32.3.7.1.fixed":{"url":"images-1/s32.1.7.1.fixed.png",
"width":143,
"height":147}
,
"s22.out.2":{"url":"images-1/s13.1.2.1.fixed.png",
"width":88,
"height":88}
,
"s20.a":{"url":"images-1/s19.b.jpeg",
"width":800,
"height":600}
,
"s26.in.3":{"url":"images-1/s26.in.3.png",
"width":610,
"height":218}
,
"s17.2.3.1.fixed":{"url":"images-1/s17.1.3.1.fixed.png",
"width":450,
"height":52}
,
"s30.2.8.1.fixed":{"url":"images-1/s26.in.6.png",
"width":289,
"height":28}
,
"s32.1.1.1.fixed":{"url":"images-1/s13.in.1.png",
"width":52,
"height":68}
}
,
"title":"Scala",
"minorVersion":4,
"timestamp":"2013-10-22 12:35:41",
"slideWidth":800,
"eventTimelines":[{"automaticPlay":false,
"hyperlinks":[]
,
"eventInitialStates":[{"opacity":1,
"affineTransform":[1,0,0,1,0,0]
,
"texture":"s1.b",
"hidden":0}
,{"opacity":1,
"affineTransform":[1,0,0,1,0,0]
,
"texture":"s1.a",
"hidden":0}
]
,
"eventAnimations":[{"effect":"apple:3D-cube",
"actions":[{"beginTime":0,
"from":{"scalar":1}
,
"action":"opacity",
"texture":"s1.a",
"to":{"scalar":0.25}
,
"timingFunction":"easeIn",
"duration":0.5}
,{"beginTime":0,
"from":{"scalar":1}
,
"action":"zOrderHint",
"texture":"s1.a",
"to":{"scalar":1}
,
"timingFunction":"linear",
"duration":0.25}
,{"beginTime":0.25,
"from":{"scalar":0}
,
"action":"zOrderHint",
"texture":"s1.a",
"to":{"scalar":0}
,
"timingFunction":"linear",
"duration":0.25}
,{"beginTime":0,
"from":{"transform":[1,0,0,0,0,1,0,0,0,0,1,0,0,0,0,1]
}
,
"action":"transform",
"texture":"s1.a",
"to":{"transform":[0.9887714,0,0.1494359,0,0,1,0,0,-0.1494359,0,0.9887714,0,-59.77435,0,-53.4541,1]
}
,
"timingFunction":"linear",
"duration":0.1}
,{"beginTime":0.1,
"from":{"transform":[0.9887714,0,0.1494359,0,0,1,0,0,-0.1494359,0,0.9887714,0,-59.77435,0,-53.4541,1]
}
,
"action":"transform",
"texture":"s1.a",
"to":{"transform":[0.856319,0,0.5164472,0,0,1,0,0,-0.5164472,0,0.856319,0,-206.5789,0,-204.019,1]
}
,
"timingFunction":"linear",
"duration":0.1}
,{"beginTime":0.2,
"from":{"transform":[0.856319,0,0.5164472,0,0,1,0,0,-0.5164472,0,0.856319,0,-206.5789,0,-204.019,1]
}
,
"action":"transform",
"texture":"s1.a",
"to":{"transform":[0.5164471,0,0.8563191,0,0,1,0,0,-0.8563191,0,0.5164471,0,-342.5276,0,-339.9678,1]
}
,
"timingFunction":"linear",
"duration":0.1}
,{"beginTime":0.3,
"from":{"transform":[0.5164471,0,0.8563191,0,0,1,0,0,-0.8563191,0,0.5164471,0,-342.5276,0,-339.9678,1]
}
,
"action":"transform",
"texture":"s1.a",
"to":{"transform":[0.1494358,0,0.9887714,0,0,1,0,0,-0.9887714,0,0.1494358,0,-395.5086,0,-389.1883,1]
}
,
"timingFunction":"linear",
"duration":0.1}
,{"beginTime":0.4,
"from":{"transform":[0.1494358,0,0.9887714,0,0,1,0,0,-0.9887714,0,0.1494358,0,-395.5086,0,-389.1883,1]
}
,
"action":"transform",
"texture":"s1.a",
"to":{"transform":[0,0,1,0,0,1,0,0,-1,0,0,0,-400,0,-400,1]
}
,
"timingFunction":"linear",
"duration":0.1}
]
,
"duration":0.5,
"animationType":"transition",
"beginTime":0,
"textures":["s1.a"]
}
,{"effect":"apple:3D-cube",
"actions":[{"beginTime":0,
"from":{"scalar":0.25}
,
"action":"opacity",
"texture":"s1.b",
"to":{"scalar":1}
,
"timingFunction":"easeOut",
"duration":0.5}
,{"beginTime":0,
"from":{"scalar":0}
,
"action":"zOrderHint",
"texture":"s1.b",
"to":{"scalar":0}
,
"timingFunction":"linear",
"duration":0.25}
,{"beginTime":0.25,
"from":{"scalar":1}
,
"action":"zOrderHint",
"texture":"s1.b",
"to":{"scalar":1}
,
"timingFunction":"linear",
"duration":0.25}
,{"beginTime":0,
"from":{"transform":[0,0,-1,0,0,1,0,0,1,0,0,0,400,0,-400,1]
}
,
"action":"transform",
"texture":"s1.b",
"to":{"transform":[0.1494358,0,-0.9887714,0,0,1,0,0,0.9887714,0,0.1494358,0,395.5086,0,-389.1884,1]
}
,
"timingFunction":"linear",
"duration":0.1}
,{"beginTime":0.1,
"from":{"transform":[0.1494358,0,-0.9887714,0,0,1,0,0,0.9887714,0,0.1494358,0,395.5086,0,-389.1884,1]
}
,
"action":"transform",
"texture":"s1.b",
"to":{"transform":[0.5164472,0,-0.8563191,0,0,1,0,0,0.8563191,0,0.5164472,0,342.5276,0,-339.9677,1]
}
,
"timingFunction":"linear",
"duration":0.1}
,{"beginTime":0.2,
"from":{"transform":[0.5164472,0,-0.8563191,0,0,1,0,0,0.8563191,0,0.5164472,0,342.5276,0,-339.9677,1]
}
,
"action":"transform",
"texture":"s1.b",
"to":{"transform":[0.8563191,0,-0.5164472,0,0,1,0,0,0.5164472,0,0.8563191,0,206.5789,0,-204.019,1]
}
,
"timingFunction":"linear",
"duration":0.1}
,{"beginTime":0.3,
"from":{"transform":[0.8563191,0,-0.5164472,0,0,1,0,0,0.5164472,0,0.8563191,0,206.5789,0,-204.019,1]
}
,
"action":"transform",
"texture":"s1.b",
"to":{"transform":[0.9887714,0,-0.1494358,0,0,1,0,0,0.1494358,0,0.9887714,0,59.77432,0,-53.45407,1]
}
,
"timingFunction":"linear",
"duration":0.1}
,{"beginTime":0.4,
"from":{"transform":[0.9887714,0,-0.1494358,0,0,1,0,0,0.1494358,0,0.9887714,0,59.77432,0,-53.45407,1]
}
,
"action":"transform",
"texture":"s1.b",
"to":{"transform":[1,0,0,0,0,1,0,0,0,0,1,0,0,0,0,1]
}
,
"timingFunction":"linear",
"duration":0.1}
]
,
"duration":0.5,
"animationType":"transition",
"beginTime":0,
"textures":["s1.b"]
}
]
,
"textRegions":[{"targetRectangle":{"y":153,
"width":637,
"x":89,
"height":144}
,
"text":"Scala e Programação Funcional"}
,{"targetRectangle":{"y":303,
"width":543,
"x":128,
"height":37}
,
"text":"Michael Schuenck dos Santos, MSc."}
,{"targetRectangle":{"y":340,
"width":175,
"x":312,
"height":37}
,
"text":"@michaelss"}
]
}
,{"automaticPlay":false,
"hyperlinks":[]
,
"eventInitialStates":[{"opacity":1,
"affineTransform":[1,0,0,1,0,0]
,
"texture":"s2.b",
"hidden":0}
,{"opacity":1,
"affineTransform":[1,0,0,1,0,0]
,
"texture":"s2.a",
"hidden":0}
]
,
"eventAnimations":[{"effect":"apple:3D-cube",
"actions":[{"beginTime":0,
"from":{"scalar":1}
,
"action":"opacity",
"texture":"s2.a",
"to":{"scalar":0.25}
,
"timingFunction":"easeIn",
"duration":0.5}
,{"beginTime":0,
"from":{"scalar":1}
,
"action":"zOrderHint",
"texture":"s2.a",
"to":{"scalar":1}
,
"timingFunction":"linear",
"duration":0.25}
,{"beginTime":0.25,
"from":{"scalar":0}
,
"action":"zOrderHint",
"texture":"s2.a",
"to":{"scalar":0}
,
"timingFunction":"linear",
"duration":0.25}
,{"beginTime":0,
"from":{"transform":[1,0,0,0,0,1,0,0,0,0,1,0,0,0,0,1]
}
,
"action":"transform",
"texture":"s2.a",
"to":{"transform":[0.9887714,0,0.1494359,0,0,1,0,0,-0.1494359,0,0.9887714,0,-59.77435,0,-53.4541,1]
}
,
"timingFunction":"linear",
"duration":0.1}
,{"beginTime":0.1,
"from":{"transform":[0.9887714,0,0.1494359,0,0,1,0,0,-0.1494359,0,0.9887714,0,-59.77435,0,-53.4541,1]
}
,
"action":"transform",
"texture":"s2.a",
"to":{"transform":[0.856319,0,0.5164472,0,0,1,0,0,-0.5164472,0,0.856319,0,-206.5789,0,-204.019,1]
}
,
"timingFunction":"linear",
"duration":0.1}
,{"beginTime":0.2,
"from":{"transform":[0.856319,0,0.5164472,0,0,1,0,0,-0.5164472,0,0.856319,0,-206.5789,0,-204.019,1]
}
,
"action":"transform",
"texture":"s2.a",
"to":{"transform":[0.5164471,0,0.8563191,0,0,1,0,0,-0.8563191,0,0.5164471,0,-342.5276,0,-339.9678,1]
}
,
"timingFunction":"linear",
"duration":0.1}
,{"beginTime":0.3,
"from":{"transform":[0.5164471,0,0.8563191,0,0,1,0,0,-0.8563191,0,0.5164471,0,-342.5276,0,-339.9678,1]
}
,
"action":"transform",
"texture":"s2.a",
"to":{"transform":[0.1494358,0,0.9887714,0,0,1,0,0,-0.9887714,0,0.1494358,0,-395.5086,0,-389.1883,1]
}
,
"timingFunction":"linear",
"duration":0.1}
,{"beginTime":0.4,
"from":{"transform":[0.1494358,0,0.9887714,0,0,1,0,0,-0.9887714,0,0.1494358,0,-395.5086,0,-389.1883,1]
}
,
"action":"transform",
"texture":"s2.a",
"to":{"transform":[0,0,1,0,0,1,0,0,-1,0,0,0,-400,0,-400,1]
}
,
"timingFunction":"linear",
"duration":0.1}
]
,
"duration":0.5,
"animationType":"transition",
"beginTime":0,
"textures":["s2.a"]
}
,{"effect":"apple:3D-cube",
"actions":[{"beginTime":0,
"from":{"scalar":0.25}
,
"action":"opacity",
"texture":"s2.b",
"to":{"scalar":1}
,
"timingFunction":"easeOut",
"duration":0.5}
,{"beginTime":0,
"from":{"scalar":0}
,
"action":"zOrderHint",
"texture":"s2.b",
"to":{"scalar":0}
,
"timingFunction":"linear",
"duration":0.25}
,{"beginTime":0.25,
"from":{"scalar":1}
,
"action":"zOrderHint",
"texture":"s2.b",
"to":{"scalar":1}
,
"timingFunction":"linear",
"duration":0.25}
,{"beginTime":0,
"from":{"transform":[0,0,-1,0,0,1,0,0,1,0,0,0,400,0,-400,1]
}
,
"action":"transform",
"texture":"s2.b",
"to":{"transform":[0.1494358,0,-0.9887714,0,0,1,0,0,0.9887714,0,0.1494358,0,395.5086,0,-389.1884,1]
}
,
"timingFunction":"linear",
"duration":0.1}
,{"beginTime":0.1,
"from":{"transform":[0.1494358,0,-0.9887714,0,0,1,0,0,0.9887714,0,0.1494358,0,395.5086,0,-389.1884,1]
}
,
"action":"transform",
"texture":"s2.b",
"to":{"transform":[0.5164472,0,-0.8563191,0,0,1,0,0,0.8563191,0,0.5164472,0,342.5276,0,-339.9677,1]
}
,
"timingFunction":"linear",
"duration":0.1}
,{"beginTime":0.2,
"from":{"transform":[0.5164472,0,-0.8563191,0,0,1,0,0,0.8563191,0,0.5164472,0,342.5276,0,-339.9677,1]
}
,
"action":"transform",
"texture":"s2.b",
"to":{"transform":[0.8563191,0,-0.5164472,0,0,1,0,0,0.5164472,0,0.8563191,0,206.5789,0,-204.019,1]
}
,
"timingFunction":"linear",
"duration":0.1}
,{"beginTime":0.3,
"from":{"transform":[0.8563191,0,-0.5164472,0,0,1,0,0,0.5164472,0,0.8563191,0,206.5789,0,-204.019,1]
}
,
"action":"transform",
"texture":"s2.b",
"to":{"transform":[0.9887714,0,-0.1494358,0,0,1,0,0,0.1494358,0,0.9887714,0,59.77432,0,-53.45407,1]
}
,
"timingFunction":"linear",
"duration":0.1}
,{"beginTime":0.4,
"from":{"transform":[0.9887714,0,-0.1494358,0,0,1,0,0,0.1494358,0,0.9887714,0,59.77432,0,-53.45407,1]
}
,
"action":"transform",
"texture":"s2.b",
"to":{"transform":[1,0,0,0,0,1,0,0,0,0,1,0,0,0,0,1]
}
,
"timingFunction":"linear",
"duration":0.1}
]
,
"duration":0.5,
"animationType":"transition",
"beginTime":0,
"textures":["s2.b"]
}
]
,
"textRegions":[{"targetRectangle":{"y":42,
"width":70,
"x":355,
"height":63}
,
"text":"Eu"}
,{"targetRectangle":{"y":218,
"width":293,
"x":108,
"height":109}
,
"text":"Bacharel em Sistemas de Informação pelo CEULP/ULBRA e ex-professor"}
,{"targetRectangle":{"y":327,
"width":294,
"x":108,
"height":109}
,
"text":"Mestre em Sistemas e Computação pela UFRN e ex-professor"}
,{"targetRectangle":{"y":436,
"width":281,
"x":108,
"height":56}
,
"text":"Analista de Sistemas no TRE-TO"}
]
}
,{"automaticPlay":false,
"hyperlinks":[]
,
"eventInitialStates":[{"opacity":1,
"affineTransform":[1,0,0,1,0,0]
,
"texture":"s3.b",
"hidden":0}
,{"opacity":1,
"affineTransform":[1,0,0,1,0,0]
,
"texture":"s3.a",
"hidden":0}
]
,
"eventAnimations":[{"effect":"none",
"actions":[{"beginTime":0,
"from":{"scalar":1}
,
"action":"hidden",
"texture":"s3.a",
"to":{"scalar":1}
,
"timingFunction":"linear",
"duration":0.001}
]
,
"duration":0.001,
"animationType":"transition",
"beginTime":0,
"textures":["s3.a"]
}
,{"effect":"none",
"actions":[{"beginTime":0,
"from":{"scalar":0}
,
"action":"hidden",
"texture":"s3.b",
"to":{"scalar":0}
,
"timingFunction":"linear",
"duration":0.001}
]
,
"duration":0.001,
"animationType":"transition",
"beginTime":0,
"textures":["s3.b"]
}
]
,
"textRegions":[{"targetRectangle":{"y":452,
"width":555,
"x":109,
"height":76}
,
"text":"Scalable Language"}
]
}
,{"automaticPlay":false,
"hyperlinks":[]
,
"eventInitialStates":[{"opacity":1,
"affineTransform":[1,0,0,1,0,0]
,
"texture":"s4.b",
"hidden":0}
,{"opacity":1,
"affineTransform":[1,0,0,1,0,0]
,
"texture":"s4.a",
"hidden":0}
]
,
"eventAnimations":[{"effect":"none",
"actions":[{"beginTime":0,
"from":{"scalar":1}
,
"action":"hidden",
"texture":"s4.a",
"to":{"scalar":1}
,
"timingFunction":"linear",
"duration":0.001}
]
,
"duration":0.001,
"animationType":"transition",
"beginTime":0,
"textures":["s4.a"]
}
,{"effect":"none",
"actions":[{"beginTime":0,
"from":{"scalar":0}
,
"action":"hidden",
"texture":"s4.b",
"to":{"scalar":0}
,
"timingFunction":"linear",
"duration":0.001}
]
,
"duration":0.001,
"animationType":"transition",
"beginTime":0,
"textures":["s4.b"]
}
]
,
"textRegions":[{"targetRectangle":{"y":481,
"width":653,
"x":73,
"height":48}
,
"text":"Por que meu interesse em Scala?"}
]
}
,{"automaticPlay":false,
"hyperlinks":[]
,
"eventInitialStates":[{"opacity":1,
"affineTransform":[1,0,0,1,0,0]
,
"texture":"s5.b",
"hidden":0}
,{"opacity":1,
"affineTransform":[1,0,0,1,0,0]
,
"texture":"s5.a",
"hidden":0}
]
,
"eventAnimations":[{"effect":"apple:3D-cube",
"actions":[{"beginTime":0,
"from":{"scalar":1}
,
"action":"opacity",
"texture":"s5.a",
"to":{"scalar":0.25}
,
"timingFunction":"easeIn",
"duration":0.5}
,{"beginTime":0,
"from":{"scalar":1}
,
"action":"zOrderHint",
"texture":"s5.a",
"to":{"scalar":1}
,
"timingFunction":"linear",
"duration":0.25}
,{"beginTime":0.25,
"from":{"scalar":0}
,
"action":"zOrderHint",
"texture":"s5.a",
"to":{"scalar":0}
,
"timingFunction":"linear",
"duration":0.25}
,{"beginTime":0,
"from":{"transform":[1,0,0,0,0,1,0,0,0,0,1,0,0,0,0,1]
}
,
"action":"transform",
"texture":"s5.a",
"to":{"transform":[0.9887714,0,0.1494359,0,0,1,0,0,-0.1494359,0,0.9887714,0,-59.77435,0,-53.4541,1]
}
,
"timingFunction":"linear",
"duration":0.1}
,{"beginTime":0.1,
"from":{"transform":[0.9887714,0,0.1494359,0,0,1,0,0,-0.1494359,0,0.9887714,0,-59.77435,0,-53.4541,1]
}
,
"action":"transform",
"texture":"s5.a",
"to":{"transform":[0.856319,0,0.5164472,0,0,1,0,0,-0.5164472,0,0.856319,0,-206.5789,0,-204.019,1]
}
,
"timingFunction":"linear",
"duration":0.1}
,{"beginTime":0.2,
"from":{"transform":[0.856319,0,0.5164472,0,0,1,0,0,-0.5164472,0,0.856319,0,-206.5789,0,-204.019,1]
}
,
"action":"transform",
"texture":"s5.a",
"to":{"transform":[0.5164471,0,0.8563191,0,0,1,0,0,-0.8563191,0,0.5164471,0,-342.5276,0,-339.9678,1]
}
,
"timingFunction":"linear",
"duration":0.1}
,{"beginTime":0.3,
"from":{"transform":[0.5164471,0,0.8563191,0,0,1,0,0,-0.8563191,0,0.5164471,0,-342.5276,0,-339.9678,1]
}
,
"action":"transform",
"texture":"s5.a",
"to":{"transform":[0.1494358,0,0.9887714,0,0,1,0,0,-0.9887714,0,0.1494358,0,-395.5086,0,-389.1883,1]
}
,
"timingFunction":"linear",
"duration":0.1}
,{"beginTime":0.4,
"from":{"transform":[0.1494358,0,0.9887714,0,0,1,0,0,-0.9887714,0,0.1494358,0,-395.5086,0,-389.1883,1]
}
,
"action":"transform",
"texture":"s5.a",
"to":{"transform":[0,0,1,0,0,1,0,0,-1,0,0,0,-400,0,-400,1]
}
,
"timingFunction":"linear",
"duration":0.1}
]
,
"duration":0.5,
"animationType":"transition",
"beginTime":0,
"textures":["s5.a"]
}
,{"effect":"apple:3D-cube",
"actions":[{"beginTime":0,
"from":{"scalar":0.25}
,
"action":"opacity",
"texture":"s5.b",
"to":{"scalar":1}
,
"timingFunction":"easeOut",
"duration":0.5}
,{"beginTime":0,
"from":{"scalar":0}
,
"action":"zOrderHint",
"texture":"s5.b",
"to":{"scalar":0}
,
"timingFunction":"linear",
"duration":0.25}
,{"beginTime":0.25,
"from":{"scalar":1}
,
"action":"zOrderHint",
"texture":"s5.b",
"to":{"scalar":1}
,
"timingFunction":"linear",
"duration":0.25}
,{"beginTime":0,
"from":{"transform":[0,0,-1,0,0,1,0,0,1,0,0,0,400,0,-400,1]
}
,
"action":"transform",
"texture":"s5.b",
"to":{"transform":[0.1494358,0,-0.9887714,0,0,1,0,0,0.9887714,0,0.1494358,0,395.5086,0,-389.1884,1]
}
,
"timingFunction":"linear",
"duration":0.1}
,{"beginTime":0.1,
"from":{"transform":[0.1494358,0,-0.9887714,0,0,1,0,0,0.9887714,0,0.1494358,0,395.5086,0,-389.1884,1]
}
,
"action":"transform",
"texture":"s5.b",
"to":{"transform":[0.5164472,0,-0.8563191,0,0,1,0,0,0.8563191,0,0.5164472,0,342.5276,0,-339.9677,1]
}
,
"timingFunction":"linear",
"duration":0.1}
,{"beginTime":0.2,
"from":{"transform":[0.5164472,0,-0.8563191,0,0,1,0,0,0.8563191,0,0.5164472,0,342.5276,0,-339.9677,1]
}
,
"action":"transform",
"texture":"s5.b",
"to":{"transform":[0.8563191,0,-0.5164472,0,0,1,0,0,0.5164472,0,0.8563191,0,206.5789,0,-204.019,1]
}
,
"timingFunction":"linear",
"duration":0.1}
,{"beginTime":0.3,
"from":{"transform":[0.8563191,0,-0.5164472,0,0,1,0,0,0.5164472,0,0.8563191,0,206.5789,0,-204.019,1]
}
,
"action":"transform",
"texture":"s5.b",
"to":{"transform":[0.9887714,0,-0.1494358,0,0,1,0,0,0.1494358,0,0.9887714,0,59.77432,0,-53.45407,1]
}
,
"timingFunction":"linear",
"duration":0.1}
,{"beginTime":0.4,
"from":{"transform":[0.9887714,0,-0.1494358,0,0,1,0,0,0.1494358,0,0.9887714,0,59.77432,0,-53.45407,1]
}
,
"action":"transform",
"texture":"s5.b",
"to":{"transform":[1,0,0,0,0,1,0,0,0,0,1,0,0,0,0,1]
}
,
"timingFunction":"linear",
"duration":0.1}
]
,
"duration":0.5,
"animationType":"transition",
"beginTime":0,
"textures":["s5.b"]
}
]
,
"textRegions":[{"targetRectangle":{"y":469,
"width":223,
"x":288,
"height":72}
,
"text":"Twitter"}
,{"targetRectangle":{"y":8.5,
"width":431,
"x":297.7808,
"height":40}
,
"text":"Por que o interesse em Scala?"}
]
}
,{"note":"slide-6",
"automaticPlay":false,
"hyperlinks":[]
,
"eventInitialStates":[{"opacity":1,
"affineTransform":[1,0,0,1,0,0]
,
"texture":"s6.b",
"hidden":0}
,{"opacity":1,
"affineTransform":[1,0,0,1,0,0]
,
"texture":"s6.a",
"hidden":0}
]
,
"eventAnimations":[{"effect":"apple:3D-cube",
"actions":[{"beginTime":0,
"from":{"scalar":1}
,
"action":"opacity",
"texture":"s6.a",
"to":{"scalar":0.25}
,
"timingFunction":"easeIn",
"duration":0.5}
,{"beginTime":0,
"from":{"scalar":1}
,
"action":"zOrderHint",
"texture":"s6.a",
"to":{"scalar":1}
,
"timingFunction":"linear",
"duration":0.25}
,{"beginTime":0.25,
"from":{"scalar":0}
,
"action":"zOrderHint",
"texture":"s6.a",
"to":{"scalar":0}
,
"timingFunction":"linear",
"duration":0.25}
,{"beginTime":0,
"from":{"transform":[1,0,0,0,0,1,0,0,0,0,1,0,0,0,0,1]
}
,
